robotino:
  d: 0.13
  r: [0.0395, 0.0395, 0.0395]
  gamma: [0.0, 0.0, 0.0]
  beta: [0.0, -2.0943951023931953, 2.0943951023931953]
