robotino:
  d: 0.13
  r: [0.0395, 0.0395, 0.0395]
  gamma: [0.0, 0.0, 0.0]
  beta: [0.0, -2.0943951023931953, 2.0943951023931953]
  pid_controller:
    kp: [0.0, 1.0, 1.0]
    ki: [0.0, 1.0, 1.0]
    kd: [0.0, 0.0, 0.0]
